0 0.087401 0.141838 0.174802 0.191759
0 0.218521 0.139461 0.128368 0.183835
0 0.357121 0.143423 0.104182 0.169572
0 0.502232 0.149762 0.122786 0.160063
0 0.708737 0.155309 0.219527 0.161648
0 0.885475 0.152139 0.163715 0.193344
0 0.085503 0.324089 0.156274 0.141046
0 0.223172 0.345483 0.148832 0.161648
0 0.393399 0.333597 0.161855 0.144216
0 0.561765 0.334390 0.215807 0.133122
0 0.752456 0.332013 0.176738 0.147385
0 0.885475 0.332805 0.137670 0.136292
0 0.078991 0.515055 0.139530 0.164818
0 0.268752 0.528526 0.187901 0.179081
0 0.435258 0.520602 0.133949 0.156894
0 0.569207 0.532488 0.130228 0.110935
0 0.798966 0.507924 0.362778 0.175911
0 0.091084 0.712361 0.156274 0.179081
0 0.268752 0.717908 0.191621 0.145800
0 0.460373 0.692552 0.150692 0.177496
0 0.617577 0.688590 0.178598 0.182250
0 0.771060 0.707607 0.154413 0.179081
0 0.928264 0.693344 0.100462 0.210777
0 0.107827 0.905705 0.186040 0.166403
0 0.318053 0.900951 0.197203 0.169572
0 0.590601 0.895404 0.277200 0.202853
0 0.850127 0.889065 0.282781 0.202853