0 0.130836 0.122029 0.172337 0.085578
0 0.368933 0.131537 0.240365 0.079239
0 0.624037 0.263867 0.188210 0.080824
0 0.851930 0.553090 0.235830 0.129952
0 0.864402 0.726624 0.224492 0.096672
0 0.846261 0.862916 0.197281 0.125198
0 0.626305 0.707607 0.183675 0.093502
0 0.590023 0.851030 0.224492 0.114105
0 0.375736 0.868463 0.281182 0.123613
0 0.133103 0.702060 0.199548 0.120444
0 0.331518 0.705230 0.219957 0.155309
0 0.362130 0.416799 0.213154 0.120444
0 0.584354 0.394612 0.190478 0.114105
0 0.365532 0.258320 0.192745 0.082409