0 0.135816 0.117274 0.190174 0.193344
0 0.305388 0.114897 0.183835 0.207607
0 0.501109 0.103011 0.172742 0.164818
0 0.715848 0.110935 0.183835 0.180666
0 0.881458 0.123613 0.194929 0.199683
0 0.856101 0.318542 0.198098 0.177496
0 0.659588 0.326466 0.185420 0.244057
0 0.113074 0.336767 0.226148 0.166403
0 0.118383 0.522979 0.196513 0.171157
0 0.335499 0.532488 0.237718 0.206022
0 0.569255 0.526149 0.277338 0.174326
0 0.837876 0.506339 0.294770 0.226624
0 0.716640 0.869255 0.223455 0.150555
0 0.200792 0.690967 0.380349 0.193344
0 0.303011 0.854992 0.597464 0.223455