0 0.115632 0.195721 0.177720 0.150555
0 0.308919 0.188590 0.211448 0.196513
0 0.498962 0.195721 0.207556 0.141046
0 0.685114 0.189382 0.180314 0.166403
0 0.896561 0.191759 0.172531 0.139461
0 0.293352 0.416006 0.149181 0.198098
0 0.117578 0.427892 0.202367 0.136292
0 0.485341 0.424723 0.201070 0.136292
0 0.782406 0.491284 0.359331 0.009509
0 0.916174 0.660063 0.167651 0.220285
0 0.860239 0.395404 0.156964 0.153724
0 0.707167 0.406498 0.182909 0.163233
0 0.724679 0.642631 0.166045 0.191759
0 0.535933 0.674326 0.239986 0.201268
0 0.306973 0.661648 0.217934 0.141046
0 0.102660 0.652932 0.182909 0.152139
0 0.156495 0.887480 0.272417 0.218700
0 0.312162 0.885103 0.176422 0.160063
0 0.509340 0.909667 0.153072 0.180666
0 0.723382 0.927100 0.127128 0.145800
0 0.879697 0.904120 0.120642 0.103011