0 0.100875 0.147797 0.146250 0.202869
0 0.356500 0.137466 0.147500 0.216018
0 0.513375 0.217298 0.118750 0.270492
0 0.687125 0.184426 0.153750 0.231045
0 0.887125 0.238900 0.153750 0.223531
0 0.819000 0.460553 0.180000 0.216018
0 0.910750 0.698173 0.178500 0.150273
0 0.757750 0.798668 0.177500 0.231045
0 0.606500 0.709443 0.192500 0.210383
0 0.440250 0.793972 0.165000 0.236680
0 0.270250 0.676571 0.132500 0.268613
0 0.104625 0.759221 0.131250 0.238559
0 0.115250 0.513149 0.167500 0.155908
0 0.238375 0.281165 0.181250 0.187842